import torch

PRIMITIVES = [
    'add',
    'mul',
    'neg',
    'abs',
    'inv',
    'log',
    'exp',
    'tanh',
    'square',
    'sqrt',
    'iden1',
    'one_plus',
    'one_minus',
]

SEARCHED_LOSS = {
    "northern-deluge-377": {
        "alpha": torch.tensor([[0.0457, 0.0477, 0.0960, 0.1049, 0.0444, 0.0809, 0.1549, 0.0478, 0.0449, 0.0406, 0.0225, 0.2467, 0.0230],
                               [0.0221, 0.0208, 0.0201, 0.0326, 0.0236, 0.0285, 0.0099, 0.0170, 0.0112, 0.0156, 0.0269, 0.7380, 0.0337],
                               [0.0771, 0.1241, 0.0349, 0.0313, 0.0366, 0.1473, 0.1009, 0.0278, 0.1153, 0.0519, 0.0196, 0.0416, 0.1915],
                               [0.0286, 0.0371, 0.0163, 0.1873, 0.1611, 0.0175, 0.0585, 0.0110, 0.0202, 0.1998, 0.0893, 0.0324, 0.1407],
                               [0.0386, 0.4901, 0.0282, 0.0124, 0.0797, 0.0560, 0.0496, 0.0236, 0.0598, 0.0246, 0.0342, 0.0201, 0.0831],
                               [0.1241, 0.0521, 0.0599, 0.0380, 0.0246, 0.3783, 0.0270, 0.1058, 0.0335, 0.0099, 0.0573, 0.0617, 0.0277],
                               [0.0478, 0.0381, 0.0585, 0.0214, 0.1419, 0.0656, 0.0381, 0.1121, 0.0658, 0.0547, 0.0813, 0.1779, 0.0967],
                               [0.0505, 0.0164, 0.2022, 0.1558, 0.0225, 0.0410, 0.2229, 0.0753, 0.0433, 0.0433, 0.0511, 0.0512, 0.0247],
                               [0.0340, 0.0704, 0.0899, 0.0351, 0.0236, 0.0813, 0.0510, 0.0608, 0.0566, 0.2912, 0.0800, 0.0527, 0.0734],
                               [0.0453, 0.0755, 0.0519, 0.1713, 0.2439, 0.0540, 0.0416, 0.0515, 0.0460, 0.0254, 0.0803, 0.0232, 0.0901],
                               [0.0694, 0.0372, 0.0328, 0.0685, 0.0755, 0.1130, 0.0363, 0.0350, 0.1011, 0.2961, 0.0242, 0.0527, 0.0582],
                               [0.0466, 0.0566, 0.1045, 0.0478, 0.0709, 0.0442, 0.0496, 0.0643, 0.0488, 0.0416, 0.0415, 0.3466, 0.0371],
                               [0.0324, 0.0395, 0.0217, 0.0362, 0.0596, 0.1188, 0.0504, 0.0732, 0.0865, 0.3326, 0.0576, 0.0761, 0.0154],
                               [0.1438, 0.0623, 0.0636, 0.0810, 0.0537, 0.1355, 0.0436, 0.0467, 0.1044, 0.0607, 0.0852, 0.0373, 0.0822],
                               [0.0261, 0.0557, 0.0663, 0.0708, 0.0995, 0.1027, 0.0716, 0.0547, 0.1623, 0.0545, 0.0810, 0.1134, 0.0415],
                               [0.0713, 0.1038, 0.0677, 0.0803, 0.1678, 0.0320, 0.0337, 0.0871, 0.0485, 0.0720, 0.1273, 0.0394, 0.0692],
                               [0.0364, 0.0825, 0.0253, 0.0289, 0.0944, 0.0566, 0.0546, 0.1083, 0.0256, 0.3509, 0.0424, 0.0691, 0.0250],
                               [0.0235, 0.4932, 0.0182, 0.0263, 0.1507, 0.0716, 0.0416, 0.0346, 0.0408, 0.0262, 0.0291, 0.0330, 0.0111],
                               [0.0371, 0.0382, 0.1841, 0.0263, 0.0646, 0.1109, 0.1225, 0.0385, 0.2299, 0.0473, 0.0547, 0.0102, 0.0357],
                               [0.0146, 0.1080, 0.0500, 0.0230, 0.0978, 0.0907, 0.1703, 0.1511, 0.0204, 0.1745, 0.0573, 0.0231, 0.0191]]),
        "num_states": 20,
        "noCEFormat": True,
        "lfs_lambda": 100,
    }
}
