import torch

PRIMITIVES = [
    'add',
    'mul',
    'neg',
    'abs',
    'inv',
    'log',
    'exp',
    'tanh',
    'square',
    'sqrt',
    'iden1',
    'one_plus',
    'one_minus',
]

# - xxxxxxx  * log(p_k)
SEARCHED_LOSS = {}

SEARCHED_LOSS["CIFAR10_RESNET50_ALPHA"] = torch.tensor([[0.0726, 0.0767, 0.0767, 0.0757, 0.0826, 0.0775, 0.0794, 0.0751, 0.0767,
                                  0.0768, 0.0762, 0.0774, 0.0766],
                                 [0.0412, 0.1624, 0.0920, 0.0733, 0.0726, 0.0732, 0.0691, 0.0617, 0.0606,
                                  0.0818, 0.0563, 0.0734, 0.0826],
                                 [0.0626, 0.0594, 0.0693, 0.0696, 0.2300, 0.0176, 0.0739, 0.0677, 0.0686,
                                  0.0737, 0.0693, 0.0692, 0.0690],
                                 [0.0825, 0.0591, 0.0880, 0.0631, 0.0637, 0.0665, 0.0303, 0.0595, 0.0728,
                                  0.1258, 0.0733, 0.1707, 0.0449],
                                 [0.0813, 0.0749, 0.0771, 0.0794, 0.0725, 0.0751, 0.0756, 0.0871, 0.0770,
                                  0.0721, 0.0805, 0.0723, 0.0751],
                                 [0.0771, 0.0746, 0.0766, 0.0776, 0.0773, 0.0806, 0.0964, 0.0728, 0.0712,
                                  0.0807, 0.0730, 0.0649, 0.0772],
                                 [0.0775, 0.0721, 0.0754, 0.1095, 0.0733, 0.0758, 0.0785, 0.0754, 0.0789,
                                  0.0584, 0.0752, 0.0746, 0.0754],
                                 [0.0826, 0.0770, 0.0750, 0.0770, 0.0772, 0.0741, 0.0781, 0.0769, 0.0755,
                                  0.0755, 0.0777, 0.0759, 0.0773],
                                 [0.0707, 0.0733, 0.0883, 0.0723, 0.0733, 0.1618, 0.0742, 0.0724, 0.0623,
                                  0.0747, 0.0688, 0.0326, 0.0752],
                                 [0.0730, 0.0739, 0.0752, 0.0857, 0.0744, 0.0760, 0.0374, 0.0745, 0.0753,
                                  0.0779, 0.1228, 0.0802, 0.0737],
                                 [0.0744, 0.0748, 0.0680, 0.0663, 0.0867, 0.0771, 0.0750, 0.0898, 0.0667,
                                  0.0955, 0.0748, 0.0760, 0.0748],
                                 [0.0743, 0.0824, 0.0686, 0.0742, 0.0765, 0.0784, 0.0874, 0.0769, 0.0766,
                                  0.0775, 0.0754, 0.0766, 0.0753],
                                 [0.0739, 0.0726, 0.0720, 0.0580, 0.0730, 0.0732, 0.0721, 0.1755, 0.0486,
                                  0.0722, 0.0755, 0.0612, 0.0723],
                                 [0.0931, 0.0764, 0.0728, 0.0766, 0.0730, 0.0769, 0.0758, 0.0745, 0.0762,
                                  0.0764, 0.0775, 0.0746, 0.0763],
                                 [0.0525, 0.0727, 0.1367, 0.0831, 0.0513, 0.0818, 0.0757, 0.0746, 0.0770,
                                  0.0708, 0.0745, 0.0751, 0.0742],
                                 [0.0761, 0.0767, 0.0774, 0.0778, 0.0780, 0.0770, 0.0753, 0.0809, 0.0811,
                                  0.0814, 0.0753, 0.0668, 0.0762],
                                 [0.0745, 0.0724, 0.0635, 0.0773, 0.0724, 0.0756, 0.0756, 0.0756, 0.0889,
                                  0.1049, 0.0756, 0.0680, 0.0758],
                                 [0.0769, 0.0698, 0.0698, 0.0738, 0.1290, 0.0723, 0.0754, 0.0559, 0.0839,
                                  0.0722, 0.0765, 0.0694, 0.0751]])